# Created by Octave 4.0.2, Tue Oct 04 00:50:03 2016 PDT <quang@quang-System-Product-Name>
# name: A
# type: matrix
# rows: 3
# columns: 3
 1 4 1
 3 2 3
 4 1 1


